{
 "cells": [
  {
   "cell_type": "code",
   "execution_count": 1,
   "metadata": {
    "collapsed": false
   },
   "outputs": [
    {
     "name": "stdout",
     "output_type": "stream",
     "text": [
      "(5L, 4L)\n",
      "(5L, 4L)\n",
      "numerical: -24.979980 analytic: -24.979980, relative error: 0.000000\n",
      "numerical: 26.914749 analytic: 26.914749, relative error: 0.000000\n",
      "numerical: -26.312841 analytic: -26.312841, relative error: 0.000000\n",
      "numerical: 3.755247 analytic: 3.755247, relative error: 0.000000\n",
      "numerical: 22.978926 analytic: 22.978926, relative error: 0.000000\n",
      "numerical: -30.605348 analytic: -30.605348, relative error: 0.000000\n",
      "numerical: -36.659935 analytic: -36.659935, relative error: 0.000000\n",
      "numerical: 2.517219 analytic: 2.517219, relative error: 0.000000\n",
      "numerical: 3.755247 analytic: 3.755247, relative error: 0.000000\n",
      "numerical: 71.822539 analytic: 71.822539, relative error: 0.000000\n",
      "X-matrix as params max relative error: 4.190295e-09\n"
     ]
    }
   ],
   "source": [
    "from cs231n.gradient_check import grad_check_sparse\n",
    "from cs231n.gradient_check import my_grad_check\n",
    "from cs231n.gradient_check import eval_numerical_gradient\n",
    "import numpy as np\n",
    "\n",
    "X=np.array([[7,4,2,1], [3,4,5,6], [1,8,5,9], [9,10,15,44], [7,8,9,10]])\n",
    "X=X.astype(float)\n",
    "std=1\n",
    "N,D=X.shape #\\in R^{NxD} => X^T \\in R^{DxN}\n",
    "\n",
    "#print N,D\n",
    "\n",
    "A=std*np.random.randn(N, N)\n",
    "B=std*np.random.randn(D,D)\n",
    "#print A\n",
    "#print B\n",
    "#V=f(X)\n",
    "#print V\n",
    "#grads=np.zeros(X.shape)\n",
    "grads=(A.T.dot(X)).dot(B.T) + (A.dot(X)).dot(B) #A^T \\cdot X \\ cdot B^T + A \\cdot X \\cdot B\n",
    "#print grads\n",
    "assert grads.shape == X.shape\n",
    "#raise Exception('here')\n",
    "f=lambda K: np.trace(((K.T.dot(A)).dot(K)).dot(B))\n",
    "\n",
    "my_grad_check(f, X, grads, num_checks=10)\n",
    "\n",
    "#print grads, 'Gradient of gradients'\n",
    "\n",
    "\n",
    "def rel_error(x, y):\n",
    "  \"\"\" returns relative error \"\"\"\n",
    "  return np.max(np.abs(x - y) / (np.maximum(1e-8, np.abs(x) + np.abs(y))))\n",
    "\n",
    "\n",
    "\n",
    "param_grad_num = eval_numerical_gradient(f, X, verbose=False)\n",
    "print '%s max relative error: %e' % ('X-matrix as params', rel_error(param_grad_num, grads))\n"
   ]
  },
  {
   "cell_type": "code",
   "execution_count": null,
   "metadata": {
    "collapsed": false
   },
   "outputs": [],
   "source": [
    "f=lambda x: np.sum(x*x) # x \\in R\n",
    "\n",
    "df=lambda x: 2*x\n",
    "\n",
    "x=np.array([[1,2,3,4], [3,4,5,6]])\n",
    "x=x.astype(float)\n",
    "print f(x)\n",
    "print df(x)\n",
    "param_grad_num = eval_numerical_gradient(f, x, verbose=False)\n",
    "print '%s max relative error: %e' % ('X-matrix as params', rel_error(param_grad_num, df(x)))\n",
    "\n",
    "#my_grad_check(f, x, df(x), num_checks=10)\n"
   ]
  },
  {
   "cell_type": "code",
   "execution_count": null,
   "metadata": {
    "collapsed": false
   },
   "outputs": [],
   "source": [
    "K=7\n",
    "A=np.random.randn(K, D)\n",
    "B=np.random.randn(N,K)\n",
    "\n",
    "f=lambda X: np.trace((A.dot(X.T)).dot(B)) #f(X)=tr(A X^T B)\n",
    "df=lambda X: B.dot(A)\n",
    "param_grad_num = eval_numerical_gradient(f, X, verbose=False)\n",
    "print '%s max relative error: %e' % ('X-matrix as params', rel_error(param_grad_num, df(X)))"
   ]
  },
  {
   "cell_type": "code",
   "execution_count": null,
   "metadata": {
    "collapsed": false
   },
   "outputs": [],
   "source": [
    "K=np.random.rand(5,5)\n",
    "assert type(K[0,0])==np.float64\n",
    "assert K.shape[0]==K.shape[1]\n",
    "f=lambda X:np.sum(X*X) \n",
    "### a special case f(X)=Tr(X*X), we need to vary input along diagonal of matrix. otherwise, there is no change\n",
    "# in f(X+h)-f(X-h) because when we choose element of X not in diagonal, there is no affect on Trace value.\n",
    "df=lambda X:2*(X)\n",
    "print f(K)\n",
    "param_grad_num = eval_numerical_gradient(f, K, verbose=False)\n",
    "\n",
    "print '%s max relative error: %e' % ('K-matrix as params', rel_error(param_grad_num, df(K)))\n",
    "my_grad_check(f, K, df(K), num_checks=10)"
   ]
  },
  {
   "cell_type": "code",
   "execution_count": null,
   "metadata": {
    "collapsed": false
   },
   "outputs": [],
   "source": [
    "N=100\n",
    "D=30\n",
    "C=3\n",
    "K=10 #number of communities\n",
    "X=np.random.randn(N,D)\n",
    "W=np.random.randn(D,C)\n",
    "Y=np.random.randn(N,C)\n",
    "F=np.random.randn(N,K)\n",
    "def loss_age(X,W,Y,reg=0.0):\n",
    "    N,D=X.shape\n",
    "    assert Y.shape[0]==N\n",
    "    assert W.shape[0]==D\n",
    "    assert W.shape[1]==Y.shape[1]\n",
    "    K=X.T.dot(F)\n",
    "    K=K.dot(K.T)\n",
    "    #Do derivate based on W, then W is variable, not X.\n",
    "    Lf=lambda W: 0.5*np.sum((X.dot(W)-Y)*(X.dot(W)-Y)) -reg*0.5*np.trace((W.T.dot(K)).dot(W))\n",
    "    dL=lambda W: X.T.dot(X.dot(W)-Y)-reg*0.5*(K.T+K).dot(W)\n",
    "    grads=dL(W)\n",
    "    assert grads.shape[0]==D\n",
    "    assert grads.shape[1]==C\n",
    "    loss=Lf(W)\n",
    "    return loss,grads,Lf\n",
    "\n",
    "\n",
    "#raise Exception('here')\n",
    "loss,grads,Lf=loss_age(X,W,Y)\n",
    "param_grad_num = eval_numerical_gradient(Lf, W, verbose=False)\n",
    "\n",
    "print '%s max relative error: %e' % ('K-matrix as params', rel_error(param_grad_num, grads))\n",
    "my_grad_check(Lf, W, grads, num_checks=50)"
   ]
  },
  {
   "cell_type": "code",
   "execution_count": 5,
   "metadata": {
    "collapsed": false
   },
   "outputs": [
    {
     "name": "stdout",
     "output_type": "stream",
     "text": [
      "(10L, 1L)\n",
      "(10L, 1L)\n",
      "K-matrix as params max relative error: 6.433297e-11\n",
      "[[-0.53240319  0.37254763 -0.26257266 -1.11427876 -0.49459491  0.44330442\n",
      "  -0.48158241 -0.75312703 -0.10312349  0.34555003]\n",
      " [ 0.37254763 -0.80381444 -0.73183141  0.83839034 -0.95937707  0.39742143\n",
      "  -0.05848972  0.74429779 -0.50490656  0.03287305]\n",
      " [-0.26257266 -0.73183141  0.07029577 -0.44710651 -0.01104472 -0.45984832\n",
      "   1.01205534  0.03148855  0.28677114 -0.18112646]\n",
      " [-1.11427876  0.83839034 -0.44710651  0.03577002  0.08947316 -1.4251121\n",
      "   0.18506046  1.37139735  0.20670002  0.76686497]\n",
      " [-0.49459491 -0.95937707 -0.01104472  0.08947316 -0.55487086 -1.17233369\n",
      "  -1.38091636  0.35099023  1.8637565   0.9137766 ]\n",
      " [ 0.44330442  0.39742143 -0.45984832 -1.4251121  -1.17233369 -1.86013337\n",
      "  -0.34109061  1.76677359  0.89448244 -0.59733696]\n",
      " [-0.48158241 -0.05848972  1.01205534  0.18506046 -1.38091636 -0.34109061\n",
      "   0.32868702 -0.41263452  1.3471716  -0.57302966]\n",
      " [-0.75312703  0.74429779  0.03148855  1.37139735  0.35099023  1.76677359\n",
      "  -0.41263452 -0.62108433  0.56778505 -1.23037088]\n",
      " [-0.10312349 -0.50490656  0.28677114  0.20670002  1.8637565   0.89448244\n",
      "   1.3471716   0.56778505  1.09381045  0.37149407]\n",
      " [ 0.34555003  0.03287305 -0.18112646  0.76686497  0.9137766  -0.59733696\n",
      "  -0.57302966 -1.23037088  0.37149407 -0.48440662]]\n"
     ]
    }
   ],
   "source": [
    "std=1\n",
    "A=std*np.random.randn(10,10)\n",
    "v=std*np.random.randn(10,1)\n",
    "b=std*np.random.randn(10,1)\n",
    "print b.shape\n",
    "print v.shape\n",
    "fx=lambda x: 0.5*((x.T.dot(A).dot(x)))+b.T.dot(x)\n",
    "dfx=lambda x: 0.5*(A.T.dot(x)+A.dot(x))+b\n",
    "ddfx=lambda x: 0.5*(A.T + A) #How to check gradient in this situation!!!!\n",
    "param_grad_num = eval_numerical_gradient(fx, v, verbose=False)\n",
    "tested_grads=dfx(v)\n",
    "#print tested_grads\n",
    "#print param_grad_num\n",
    "#print np.abs(param_grad_num-tested_grads)\n",
    "print '%s max relative error: %e' % ('K-matrix as params', rel_error(param_grad_num, tested_grads))\n",
    "\n",
    "\n",
    "#param_grad_num2 = eval_numerical_gradient(dfx, v, verbose=False)\n",
    "tested_grads2=ddfx(v)\n",
    "print tested_grads2\n",
    "#print '%s max relative error: %e' % ('K-matrix as params', rel_error(param_grad_num2, tested_grads2))\n",
    "\n",
    "#my_grad_check(fx, v, tested_grads, num_checks=50)\n",
    "#my_grad_check(dfx, v, tested_grads2, num_checks=10)"
   ]
  },
  {
   "cell_type": "code",
   "execution_count": null,
   "metadata": {
    "collapsed": true
   },
   "outputs": [],
   "source": []
  },
  {
   "cell_type": "code",
   "execution_count": null,
   "metadata": {
    "collapsed": true
   },
   "outputs": [],
   "source": []
  }
 ],
 "metadata": {
  "kernelspec": {
   "display_name": "Python 2",
   "language": "python",
   "name": "python2"
  },
  "language_info": {
   "codemirror_mode": {
    "name": "ipython",
    "version": 2
   },
   "file_extension": ".py",
   "mimetype": "text/x-python",
   "name": "python",
   "nbconvert_exporter": "python",
   "pygments_lexer": "ipython2",
   "version": "2.7.10"
  }
 },
 "nbformat": 4,
 "nbformat_minor": 0
}
